# Created by Octave 3.2.3, Fri Jul 30 22:22:23 2010 CST <albertnet@albertnet-laptop>
# name: matrix
# type: matrix
# rows: 181
# columns: 181
 0 0 56.81999999999999 59.94 63.06 66.17999999999999 69.3 72.42 75.53999999999999 78.66 81.78 84.90000000000001 88.02000000000001 91.14 94.25999999999999 97.38 100.5 103.62 106.74 109.86 112.98 116.1 119.22 122.34 125.46 128.58 131.7 134.82 137.94 141.06 144.18 147.3 150.42 160.52 156.52 152.52 148.52 144.52 140.52 136.52 132.52 128.52 124.52 114.02 111.02 108.02 105.02 102.02 99.01999999999998 96.01999999999998 93.01999999999998 90.01999999999998 87.01999999999998 84.01999999999998 71.01999999999998 68.01999999999998 65.01999999999998 62.01999999999999 59.01999999999999 56.01999999999999 53.01999999999999 50.01999999999999 47.01999999999999 44.01999999999999 31.20999999999999 28.48 25.74999999999998 23.01999999999999 20.29 17.55999999999998 14.82999999999999 12.09999999999997 9.369999999999981 9.060000000000008 11.79000000000003 173.99 176.69 179.39 182.09 184.79 187.49 190.19 192.89 195.59 198.29 200.99 203.69 206.39 209.09 211.79 214.49 217.19 219.89 222.59 225.29 227.99 230.69 233.39 236.09 238.79 241.49 244.19 246.89 249.59 252.29 254.99 257.69 183.89 166.85 165.03 21.09 23.97 26.85 29.73 32.61 35.49 38.37 41.25 56.78 59.75999999999999 62.73999999999999 65.72 68.7 71.67999999999999 74.66 77.64 80.62 83.60000000000001 33.79 30.6 27.41 24.22 21.03 17.84 19.75 22.94 26.13 29.32 32.51 35.7 38.89 42.08 45.27 48.46 51.65 54.84 58.03 61.22 64.41 67.60000000000001 70.79000000000001 73.98 77.17 80.36 83.55 86.73999999999999 58.95 56.57000000000001 54.19 51.81 49.43000000000001 47.05 44.67 42.29000000000001 70.26000000000001 70.26000000000001 70.26000000000001 70.26000000000001 254.67 254.67 254.67 254.67 254.67 56.69 55.88 75.84 95.90000000000001 115.87 135.91 155.96 170.42
 0 0 106.98 103.86 100.74 97.62000000000002 94.50000000000001 91.38000000000001 88.26000000000001 85.14000000000001 82.02000000000001 78.90000000000001 75.78000000000002 72.66 69.54000000000001 66.42 63.3 60.18000000000001 57.06 53.94 50.81999999999999 47.7 44.58 41.46 38.34 35.22 32.09999999999999 28.98 25.86 22.74 19.62 16.5 13.38 17.85 13.85 9.85 9.85 13.85 17.85 21.85 25.85 29.85 33.85 44.35 47.35 50.35 53.35 56.35 59.35 62.35 65.34999999999999 68.34999999999999 71.34999999999999 74.34999999999999 87.34999999999999 90.34999999999999 93.34999999999999 96.34999999999999 99.34999999999999 102.35 105.35 108.35 111.35 114.35 127.16 129.89 132.62 135.35 138.08 140.81 143.54 146.27 149 151.73 154.46 31.32 34.02 36.72 39.42 42.12 44.82 47.52 50.22 52.91999999999999 55.62 58.32 61.02 63.72000000000001 66.42 69.12 71.82000000000001 74.52000000000001 77.22000000000001 79.92 82.62 85.32000000000001 88.02000000000001 90.72000000000001 93.42 96.12000000000002 98.82000000000001 101.52 104.22 106.92 109.62 112.32 115.02 104.26 24.19 22.37 151.39 148.51 145.63 142.75 139.87 136.99 134.11 131.23 199.45 202.43 205.41 208.39 211.37 214.35 217.33 220.31 223.29 226.27 176.45 173.26 170.07 166.88 163.69 160.5 162.41 165.6 168.79 171.98 175.17 178.36 181.55 184.74 187.93 191.12 194.31 197.5 200.69 203.88 207.07 210.26 213.45 216.64 219.83 223.02 226.21 229.4 141.64 139.26 136.88 134.5 132.12 129.74 127.36 124.98 212.93 212.93 212.93 212.93 112 112 112 112 112 139.21 119.27 99.3 79.27 59.29 56.3 76.39 27.75
 56.81999999999999 106.98 0 24.3 27.42 30.54 33.66 36.78 39.9 43.02 46.14 49.26000000000001 52.38000000000001 55.5 58.62 61.74000000000001 64.86 67.98 71.10000000000001 74.22 77.34 80.46000000000001 83.58000000000001 86.7 89.82000000000001 92.94000000000001 96.06 99.18000000000001 102.3 105.42 108.54 111.66 114.78 124.88 120.88 116.88 112.88 108.88 104.88 100.88 96.88 92.88 88.88 78.38 75.38 72.38 69.38 66.38 63.38 60.38 57.38 54.38 51.38 48.38 35.38 32.38 29.38 26.38 23.38 20.38 19.5 22.5 25.5 28.5 41.31000000000001 44.04 46.77000000000002 49.50000000000001 52.23 54.96000000000002 57.69 60.42000000000002 63.15000000000001 65.88 68.61000000000001 138.35 141.05 143.75 146.45 149.15 151.85 154.55 157.25 159.95 162.65 165.35 168.05 170.75 173.45 176.15 178.85 181.55 184.25 186.95 189.65 192.35 195.05 197.75 200.45 203.15 205.85 208.55 211.25 213.95 216.65 219.35 222.05 85.83 68.78 66.97 65.73999999999999 62.86000000000001 59.98 57.1 54.22000000000001 51.34 48.46 45.58 113.66 116.64 119.62 122.6 125.58 128.56 131.54 134.52 137.5 140.48 90.60000000000001 87.41000000000001 84.22000000000001 81.03 77.84 74.65000000000001 76.56 79.75 82.94 86.13000000000001 89.32000000000001 92.51000000000001 95.7 98.89 102.08 105.27 108.46 111.65 114.84 118.03 121.22 124.41 127.6 130.79 133.98 137.17 140.36 143.55 56.39 54.01000000000001 51.63 49.25 46.87 44.48999999999999 42.11 39.73 127.08 127.08 127.08 127.08 219.03 219.03 219.03 219.03 219.03 53.36 59.61 58.73 60.27 80.24000000000001 100.27 120.35 134.78
 59.94 103.86 24.3 0 24.3 27.42 30.54 33.66 36.78 39.9 43.02 46.14 49.26000000000001 52.38000000000001 55.5 58.62 61.74000000000001 64.86 67.98 71.10000000000001 74.22 77.34 80.46000000000001 83.58000000000001 86.7 89.82000000000001 92.94000000000001 96.06 99.18000000000001 102.3 105.42 108.54 111.66 121.76 117.76 113.76 109.76 105.76 101.76 97.75999999999999 93.75999999999999 89.75999999999999 85.75999999999999 75.25999999999999 72.25999999999999 69.25999999999999 66.25999999999999 63.26 60.26 57.26 54.26 51.26 48.26 45.26 32.25999999999999 29.25999999999999 26.25999999999999 23.25999999999999 20.25999999999999 19.62 22.62 25.62 28.62 31.62 44.43000000000001 47.16 49.89000000000002 52.62000000000001 55.35 58.08000000000002 60.81000000000001 63.54000000000003 66.27000000000001 69 71.73000000000002 135.23 137.93 140.63 143.33 146.03 148.73 151.43 154.13 156.83 159.53 162.23 164.93 167.63 170.33 173.03 175.73 178.43 181.13 183.83 186.53 189.23 191.93 194.63 197.33 200.03 202.73 205.43 208.13 210.83 213.53 216.23 218.93 82.70999999999999 65.66000000000001 63.85 68.86 65.98 63.1 60.22000000000001 57.34 54.46 51.58000000000001 48.7 116.78 119.76 122.74 125.72 128.7 131.68 134.66 137.64 140.62 143.6 93.72 90.53 87.33999999999999 84.14999999999999 80.95999999999999 77.77 79.67999999999999 82.86999999999999 86.05999999999999 89.24999999999999 92.44 95.63 98.81999999999999 102.01 105.2 108.39 111.58 114.77 117.96 121.15 124.34 127.53 130.72 133.91 137.1 140.29 143.48 146.67 59.51000000000001 57.13000000000001 54.75 52.37 49.99000000000001 47.61 45.23 42.85000000000001 130.2 130.2 130.2 130.2 215.91 215.91 215.91 215.91 215.91 56.48 62.73 55.61 57.15000000000001 77.12 97.15000000000001 117.23 131.66
 63.06 100.74 27.42 24.3 0 24.3 27.42 30.54 33.66 36.78 39.9 43.02 46.14 49.26000000000001 52.38000000000001 55.5 58.62 61.74000000000001 64.86 67.98 71.10000000000001 74.22 77.34 80.46000000000001 83.58000000000001 86.7 89.82000000000001 92.94000000000001 96.06 99.18000000000001 102.3 105.42 108.54 118.64 114.64 110.64 106.64 102.64 98.64 94.64 90.64 86.64 82.64 72.14 69.14 66.14 63.14000000000001 60.14000000000001 57.14000000000001 54.14000000000001 51.14000000000001 48.14000000000001 45.14000000000001 42.14000000000001 29.14 26.14 23.14 20.14 19.73999999999999 22.73999999999999 25.73999999999999 28.73999999999999 31.73999999999999 34.73999999999999 47.55 50.27999999999999 53.01000000000001 55.74 58.46999999999999 61.20000000000001 63.93 66.66000000000001 69.39 72.11999999999999 74.85000000000001 132.11 134.81 137.51 140.21 142.91 145.61 148.31 151.01 153.71 156.41 159.11 161.81 164.51 167.21 169.91 172.61 175.31 178.01 180.71 183.41 186.11 188.81 191.51 194.21 196.91 199.61 202.31 205.01 207.71 210.41 213.11 215.81 79.58999999999999 62.54000000000001 60.73 71.97999999999999 69.09999999999999 66.22 63.34 60.46 57.58 54.7 51.82 119.9 122.88 125.86 128.84 131.82 134.8 137.78 140.76 143.74 146.72 96.84 93.65000000000001 90.45999999999999 87.27 84.08 80.89 82.80000000000001 85.99000000000001 89.18000000000001 92.37000000000002 95.56000000000002 98.75000000000001 101.94 105.13 108.32 111.51 114.7 117.89 121.08 124.27 127.46 130.65 133.84 137.03 140.22 143.41 146.6 149.79 62.63 60.25 57.86999999999999 55.48999999999999 53.11 50.72999999999999 48.34999999999999 45.97 133.32 133.32 133.32 133.32 212.79 212.79 212.79 212.79 212.79 59.60000000000001 65.85000000000001 52.49000000000001 54.03 74 94.03 114.11 128.54
 66.17999999999999 97.62000000000002 30.54 27.42 24.3 0 24.3 27.42 30.54 33.66 36.78 39.9 43.02 46.14 49.26000000000001 52.38000000000001 55.5 58.62 61.74000000000001 64.86 67.98 71.10000000000001 74.22 77.34 80.46000000000001 83.58000000000001 86.7 89.82000000000001 92.94000000000001 96.06 99.18000000000001 102.3 105.42 115.52 111.52 107.52 103.52 99.52 95.52 91.52 87.52 83.52 79.52 69.02 66.02 63.02 60.02 57.02 54.02 51.02 48.02 45.02 42.02 39.02 26.02 23.02 20.02 19.86 22.86 25.86 28.86 31.86 34.86 37.86 50.67000000000001 53.4 56.13000000000002 58.86000000000001 61.59 64.32000000000001 67.05 69.78000000000002 72.51000000000001 75.23999999999999 77.97000000000001 128.99 131.69 134.39 137.09 139.79 142.49 145.19 147.89 150.59 153.29 155.99 158.69 161.39 164.09 166.79 169.49 172.19 174.89 177.59 180.29 182.99 185.69 188.39 191.09 193.79 196.49 199.19 201.89 204.59 207.29 209.99 212.69 76.47 59.42 57.60999999999999 75.09999999999999 72.22 69.34 66.45999999999999 63.58000000000001 60.7 57.82000000000001 54.94 123.02 126 128.98 131.96 134.94 137.92 140.9 143.88 146.86 149.84 99.96000000000001 96.77000000000001 93.58 90.39 87.2 84.01000000000001 85.92 89.11 92.3 95.48999999999999 98.68000000000001 101.87 105.06 108.25 111.44 114.63 117.82 121.01 124.2 127.39 130.58 133.77 136.96 140.15 143.34 146.53 149.72 152.91 65.75 63.37 60.98999999999999 58.61 56.23 53.84999999999999 51.47 49.09 136.44 136.44 136.44 136.44 209.67 209.67 209.67 209.67 209.67 62.72 68.97 49.37 50.91 70.88000000000001 90.91 110.99 125.42
 69.3 94.50000000000001 33.66 30.54 27.42 24.3 0 24.3 27.42 30.54 33.66 36.78 39.9 43.02 46.14 49.26000000000001 52.38000000000001 55.5 58.62 61.74000000000001 64.86 67.98 71.10000000000001 74.22 77.34 80.46000000000001 83.58000000000001 86.7 89.82000000000001 92.94000000000001 96.06 99.18000000000001 102.3 112.4 108.4 104.4 100.4 96.39999999999999 92.39999999999999 88.39999999999999 84.39999999999999 80.39999999999999 76.39999999999999 65.89999999999999 62.9 59.9 56.9 53.9 50.9 47.9 44.9 41.9 38.89999999999999 35.89999999999999 22.89999999999999 19.89999999999999 19.98 22.98 25.98 28.98 31.98 34.98 37.98 40.98000000000001 53.79000000000001 56.52 59.25000000000002 61.98000000000001 64.70999999999999 67.44000000000001 70.17 72.90000000000002 75.63000000000001 78.36 81.09000000000002 125.87 128.57 131.27 133.97 136.67 139.37 142.07 144.77 147.47 150.17 152.87 155.57 158.27 160.97 163.67 166.37 169.07 171.77 174.47 177.17 179.87 182.57 185.27 187.97 190.67 193.37 196.07 198.77 201.47 204.17 206.87 209.57 73.34999999999999 56.30000000000001 54.49 78.22 75.34 72.46000000000001 69.58 66.7 63.82000000000001 60.94000000000001 58.06000000000001 126.14 129.12 132.1 135.08 138.06 141.04 144.02 147 149.98 152.96 103.08 99.89000000000001 96.7 93.51000000000001 90.32000000000001 87.13000000000001 89.04000000000001 92.23 95.42 98.61 101.8 104.99 108.18 111.37 114.56 117.75 120.94 124.13 127.32 130.51 133.7 136.89 140.08 143.27 146.46 149.65 152.84 156.03 68.87 66.49000000000001 64.11 61.73 59.35000000000001 56.97 54.59 52.21000000000001 139.56 139.56 139.56 139.56 206.55 206.55 206.55 206.55 206.55 65.84 72.09 46.25 47.79000000000001 67.76000000000001 87.79000000000001 107.87 122.3
 72.42 91.38000000000001 36.78 33.66 30.54 27.42 24.3 0 24.3 27.42 30.54 33.66 36.78 39.9 43.02 46.14 49.26000000000001 52.38000000000001 55.5 58.62 61.74000000000001 64.86 67.98 71.10000000000001 74.22 77.34 80.46000000000001 83.58000000000001 86.7 89.82000000000001 92.94000000000001 96.06 99.18000000000001 109.28 105.28 101.28 97.28 93.28 89.28 85.28 81.28 77.28 73.28 62.78000000000001 59.78000000000001 56.78000000000001 53.78000000000001 50.78000000000001 47.78000000000001 44.78000000000001 41.78000000000001 38.78 35.78 32.78 19.78 20.09999999999999 23.09999999999999 26.09999999999999 29.09999999999999 32.09999999999999 35.09999999999999 38.09999999999999 41.1 44.1 56.91 59.63999999999999 62.37000000000001 65.09999999999999 67.82999999999998 70.56 73.28999999999999 76.02000000000001 78.75 81.47999999999999 84.21000000000001 122.75 125.45 128.15 130.85 133.55 136.25 138.95 141.65 144.35 147.05 149.75 152.45 155.15 157.85 160.55 163.25 165.95 168.65 171.35 174.05 176.75 179.45 182.15 184.85 187.55 190.25 192.95 195.65 198.35 201.05 203.75 206.45 70.22999999999999 53.18000000000001 51.37 81.33999999999999 78.45999999999999 75.58 72.69999999999999 69.81999999999999 66.94 64.06 61.18 129.26 132.24 135.22 138.2 141.18 144.16 147.14 150.12 153.1 156.08 106.2 103.01 99.82000000000001 96.63 93.44 90.25 92.16 95.34999999999999 98.53999999999999 101.73 104.92 108.11 111.3 114.49 117.68 120.87 124.06 127.25 130.44 133.63 136.82 140.01 143.2 146.39 149.58 152.77 155.96 159.15 71.99000000000001 69.61000000000001 67.23 64.85000000000001 62.47000000000001 60.09 57.71000000000001 55.33000000000001 142.68 142.68 142.68 142.68 203.43 203.43 203.43 203.43 203.43 68.96000000000001 64.69000000000001 43.13 44.67 64.64 84.67000000000002 104.75 119.18
 75.53999999999999 88.26000000000001 39.9 36.78 33.66 30.54 27.42 24.3 0 24.3 27.42 30.54 33.66 36.78 39.9 43.02 46.14 49.26000000000001 52.38000000000001 55.5 58.62 61.74000000000001 64.86 67.98 71.10000000000001 74.22 77.34 80.46000000000001 83.58000000000001 86.7 89.82000000000001 92.94000000000001 96.06 106.16 102.16 98.16 94.16 90.16 86.16 82.16 78.16 74.16 70.16 59.66 56.66 53.66 50.66 47.66 44.66 41.66 38.66 35.66 32.66 29.66 20.22 23.22 26.22 29.22 32.22 35.22 38.22 41.22000000000001 44.22000000000001 47.22000000000001 60.03000000000001 62.76 65.49000000000001 68.22 70.94999999999999 73.68000000000001 76.41 79.14000000000001 81.87 84.59999999999999 87.33000000000001 119.63 122.33 125.03 127.73 130.43 133.13 135.83 138.53 141.23 143.93 146.63 149.33 152.03 154.73 157.43 160.13 162.83 165.53 168.23 170.93 173.63 176.33 179.03 181.73 184.43 187.13 189.83 192.53 195.23 197.93 200.63 203.33 67.11 50.06 48.24999999999999 84.45999999999999 81.58 78.7 75.81999999999999 72.94 70.06 67.18000000000001 64.3 132.38 135.36 138.34 141.32 144.3 147.28 150.26 153.24 156.22 159.2 109.32 106.13 102.94 99.75 96.56 93.37 95.28 98.47 101.66 104.85 108.04 111.23 114.42 117.61 120.8 123.99 127.18 130.37 133.56 136.75 139.94 143.13 146.32 149.51 152.7 155.89 159.08 162.27 75.11 72.73 70.34999999999999 67.97 65.59 63.20999999999999 60.83 58.45 145.8 145.8 145.8 145.8 200.31 200.31 200.31 200.31 200.31 72.08 61.57000000000001 40.01000000000001 41.55 61.52 81.55000000000001 101.63 116.06
 78.66 85.14000000000001 43.02 39.9 36.78 33.66 30.54 27.42 24.3 0 24.3 27.42 30.54 33.66 36.78 39.9 43.02 46.14 49.26000000000001 52.38000000000001 55.5 58.62 61.74000000000001 64.86 67.98 71.10000000000001 74.22 77.34 80.46000000000001 83.58000000000001 86.7 89.82000000000001 92.94000000000001 103.04 99.03999999999999 95.03999999999999 91.03999999999999 87.03999999999999 83.03999999999999 79.03999999999999 75.03999999999999 71.03999999999999 67.03999999999999 56.54 53.54 50.54 47.54 44.54 41.54 38.53999999999999 35.53999999999999 32.53999999999999 29.53999999999999 26.53999999999999 23.34 26.34 29.34 32.34 35.34 38.34 41.34000000000001 44.34000000000001 47.34000000000001 50.34000000000001 63.15000000000001 65.88 68.61000000000001 71.34 74.06999999999999 76.80000000000001 79.53 82.26000000000002 84.99000000000001 87.72 90.45000000000002 116.51 119.21 121.91 124.61 127.31 130.01 132.71 135.41 138.11 140.81 143.51 146.21 148.91 151.61 154.31 157.01 159.71 162.41 165.11 167.81 170.51 173.21 175.91 178.61 181.31 184.01 186.71 189.41 192.11 194.81 197.51 200.21 63.98999999999999 46.94 45.13 87.58 84.7 81.82000000000001 78.94 76.06 73.18000000000001 70.30000000000001 67.42 135.5 138.48 141.46 144.44 147.42 150.4 153.38 156.36 159.34 162.32 112.44 109.25 106.06 102.87 99.68000000000001 96.49000000000001 98.40000000000001 101.59 104.78 107.97 111.16 114.35 117.54 120.73 123.92 127.11 130.3 133.49 136.68 139.87 143.06 146.25 149.44 152.63 155.82 159.01 162.2 165.39 78.23 75.85000000000001 73.47 71.09 68.71000000000001 66.33 63.95 61.57000000000001 148.92 148.92 148.92 148.92 197.19 197.19 197.19 197.19 197.19 75.2 58.45 36.89 38.43 58.40000000000001 78.43000000000001 98.51000000000001 112.94
 81.78 82.02000000000001 46.14 43.02 39.9 36.78 33.66 30.54 27.42 24.3 0 24.3 27.42 30.54 33.66 36.78 39.9 43.02 46.14 49.26000000000001 52.38000000000001 55.5 58.62 61.74000000000001 64.86 67.98 71.10000000000001 74.22 77.34 80.46000000000001 83.58000000000001 86.7 89.82000000000001 99.91999999999999 95.91999999999999 91.91999999999999 87.91999999999999 83.91999999999999 79.91999999999999 75.91999999999999 71.91999999999999 67.91999999999999 63.91999999999999 53.41999999999999 50.41999999999999 47.41999999999999 44.41999999999999 41.41999999999999 38.41999999999999 35.41999999999999 32.41999999999999 29.41999999999999 26.41999999999999 23.41999999999999 26.46000000000001 29.46000000000001 32.46000000000001 35.46000000000001 38.46000000000001 41.46000000000002 44.46000000000002 47.46000000000002 50.46000000000002 53.46000000000002 66.27000000000001 69 71.73000000000002 74.46000000000001 77.19 79.92000000000002 82.65000000000001 85.38000000000002 88.11000000000001 90.84 93.57000000000002 113.39 116.09 118.79 121.49 124.19 126.89 129.59 132.29 134.99 137.69 140.39 143.09 145.79 148.49 151.19 153.89 156.59 159.29 161.99 164.69 167.39 170.09 172.79 175.49 178.19 180.89 183.59 186.29 188.99 191.69 194.39 197.09 60.86999999999999 43.82000000000001 42.01 90.69999999999999 87.81999999999999 84.93999999999998 82.05999999999999 79.17999999999999 76.3 73.42 70.53999999999999 138.62 141.6 144.58 147.56 150.54 153.52 156.5 159.48 162.46 165.44 115.56 112.37 109.18 105.99 102.8 99.61000000000001 101.52 104.71 107.9 111.09 114.28 117.47 120.66 123.85 127.04 130.23 133.42 136.61 139.8 142.99 146.18 149.37 152.56 155.75 158.94 162.13 165.32 168.51 81.35000000000001 78.97000000000001 76.59000000000002 74.21000000000001 71.83000000000001 69.45 67.07000000000001 64.69000000000001 152.04 152.04 152.04 152.04 194.07 194.07 194.07 194.07 194.07 78.32000000000001 58.40000000000001 38.43 38.38 58.34999999999999 75.31 95.39 109.82
 84.90000000000001 78.90000000000001 49.26000000000001 46.14 43.02 39.9 36.78 33.66 30.54 27.42 24.3 0 24.3 27.42 30.54 33.66 36.78 39.9 43.02 46.14 49.26000000000001 52.38000000000001 55.5 58.62 61.74000000000001 64.86 67.98 71.10000000000001 74.22 77.34 80.46000000000001 83.58000000000001 86.7 96.8 92.8 88.8 84.8 80.8 76.8 72.8 68.8 64.8 60.8 50.3 47.3 44.3 41.3 38.3 35.3 32.3 29.3 26.3 23.3 20.3 29.58 32.58 35.58 38.58 41.58000000000001 44.58000000000001 47.58000000000001 50.58000000000001 53.58000000000001 56.58000000000001 69.39 72.11999999999999 74.85000000000001 77.58 80.30999999999999 83.04000000000001 85.77 88.50000000000001 91.23 93.95999999999999 96.69000000000001 110.27 112.97 115.67 118.37 121.07 123.77 126.47 129.17 131.87 134.57 137.27 139.97 142.67 145.37 148.07 150.77 153.47 156.17 158.87 161.57 164.27 166.97 169.67 172.37 175.07 177.77 180.47 183.17 185.87 188.57 191.27 193.97 57.75 40.7 38.88999999999999 93.81999999999999 90.94 88.05999999999999 85.17999999999999 82.3 79.42 76.54000000000001 73.66 141.74 144.72 147.7 150.68 153.66 156.64 159.62 162.6 165.58 168.56 118.68 115.49 112.3 109.11 105.92 102.73 104.64 107.83 111.02 114.21 117.4 120.59 123.78 126.97 130.16 133.35 136.54 139.73 142.92 146.11 149.3 152.49 155.68 158.87 162.06 165.25 168.44 171.63 84.47 82.09 79.70999999999999 77.33 74.95 72.56999999999999 70.19 67.81 155.16 155.16 155.16 155.16 190.95 190.95 190.95 190.95 190.95 81.44000000000001 61.52 41.55 41.5 61.47 72.19 92.27000000000001 106.7
 88.02000000000001 75.78000000000002 52.38000000000001 49.26000000000001 46.14 43.02 39.9 36.78 33.66 30.54 27.42 24.3 0 24.3 27.42 30.54 33.66 36.78 39.9 43.02 46.14 49.26000000000001 52.38000000000001 55.5 58.62 61.74000000000001 64.86 67.98 71.10000000000001 74.22 77.34 80.46000000000001 83.58000000000001 93.67999999999999 89.67999999999999 85.67999999999999 81.67999999999999 77.67999999999999 73.67999999999999 69.67999999999999 65.67999999999999 61.68 57.68 47.18 44.18 41.18 38.17999999999999 35.17999999999999 32.17999999999999 29.17999999999999 26.17999999999999 23.17999999999999 20.17999999999999 19.7 32.7 35.7 38.7 41.70000000000001 44.70000000000001 47.70000000000001 50.70000000000001 53.70000000000001 56.70000000000001 59.70000000000001 72.51000000000001 75.23999999999999 77.97000000000001 80.7 83.42999999999999 86.16000000000001 88.89 91.62000000000002 94.35000000000001 97.08 99.81000000000002 107.15 109.85 112.55 115.25 117.95 120.65 123.35 126.05 128.75 131.45 134.15 136.85 139.55 142.25 144.95 147.65 150.35 153.05 155.75 158.45 161.15 163.85 166.55 169.25 171.95 174.65 177.35 180.05 182.75 185.45 188.15 190.85 54.63 37.58 35.77 96.94 94.06 91.17999999999999 88.3 85.42 82.54000000000001 79.66 76.78 144.86 147.84 150.82 153.8 156.78 159.76 162.74 165.72 168.7 171.68 121.8 118.61 115.42 112.23 109.04 105.85 107.76 110.95 114.14 117.33 120.52 123.71 126.9 130.09 133.28 136.47 139.66 142.85 146.04 149.23 152.42 155.61 158.8 161.99 165.18 168.37 171.56 174.75 87.59 85.21000000000001 82.83 80.45 78.07000000000001 75.69000000000001 73.31 70.93000000000001 158.28 158.28 158.28 158.28 187.83 187.83 187.83 187.83 187.83 84.56 64.64 44.67 44.62 64.59 69.07000000000001 89.15000000000001 103.58
 91.14 72.66 55.5 52.38000000000001 49.26000000000001 46.14 43.02 39.9 36.78 33.66 30.54 27.42 24.3 0 24.3 27.42 30.54 33.66 36.78 39.9 43.02 46.14 49.26000000000001 52.38000000000001 55.5 58.62 61.74000000000001 64.86 67.98 71.10000000000001 74.22 77.34 80.46000000000001 90.56 86.56 82.56 78.56 74.56 70.56 66.56 62.56000000000001 58.56000000000001 54.56000000000001 44.06000000000001 41.06000000000001 38.06 35.06 32.06 29.06 26.06 23.06 20.06 19.81999999999999 22.81999999999999 35.81999999999999 38.81999999999999 41.82 44.82 47.82 50.82 53.82 56.82 59.82 62.82 75.63 78.35999999999999 81.09 83.81999999999999 86.54999999999998 89.28 92.00999999999999 94.74000000000001 97.47 100.2 102.93 104.03 106.73 109.43 112.13 114.83 117.53 120.23 122.93 125.63 128.33 131.03 133.73 136.43 139.13 141.83 144.53 147.23 149.93 152.63 155.33 158.03 160.73 163.43 166.13 168.83 171.53 174.23 176.93 179.63 182.33 185.03 187.73 51.50999999999999 34.46 32.65 100.06 97.17999999999999 94.3 91.41999999999999 88.53999999999999 85.66 82.77999999999999 79.89999999999999 147.98 150.96 153.94 156.92 159.9 162.88 165.86 168.84 171.82 174.8 124.92 121.73 118.54 115.35 112.16 108.97 110.88 114.07 117.26 120.45 123.64 126.83 130.02 133.21 136.4 139.59 142.78 145.97 149.16 152.35 155.54 158.73 161.92 165.11 168.3 171.49 174.68 177.87 90.71000000000001 88.33000000000001 85.95 83.57000000000001 81.19000000000001 78.81000000000002 76.43000000000001 74.05000000000001 161.4 161.4 161.4 161.4 184.71 184.71 184.71 184.71 184.71 87.68000000000001 67.76000000000001 47.79000000000001 47.73999999999999 67.70999999999999 65.95 86.03 100.46
 94.25999999999999 69.54000000000001 58.62 55.5 52.38000000000001 49.26000000000001 46.14 43.02 39.9 36.78 33.66 30.54 27.42 24.3 0 24.3 27.42 30.54 33.66 36.78 39.9 43.02 46.14 49.26000000000001 52.38000000000001 55.5 58.62 61.74000000000001 64.86 67.98 71.10000000000001 74.22 77.34 87.44 83.44 79.44 75.44 71.44 67.44 63.44 59.44 55.44 51.44 40.94 37.94 34.94 31.94 28.94 25.94 22.94 19.94 19.94 22.94 25.94 38.94 41.94 44.94 47.94 50.94 53.94 56.94 59.94 62.94 65.94 78.75 81.47999999999999 84.21000000000001 86.94 89.66999999999999 92.40000000000001 95.13 97.86000000000001 100.59 103.32 106.05 100.91 103.61 106.31 109.01 111.71 114.41 117.11 119.81 122.51 125.21 127.91 130.61 133.31 136.01 138.71 141.41 144.11 146.81 149.51 152.21 154.91 157.61 160.31 163.01 165.71 168.41 171.11 173.81 176.51 179.21 181.91 184.61 48.39 31.34 29.53 103.18 100.3 97.42 94.53999999999999 91.66 88.78 85.89999999999999 83.02 151.1 154.08 157.06 160.04 163.02 166 168.98 171.96 174.94 177.92 128.04 124.85 121.66 118.47 115.28 112.09 114 117.19 120.38 123.57 126.76 129.95 133.14 136.33 139.52 142.71 145.9 149.09 152.28 155.47 158.66 161.85 165.04 168.23 171.42 174.61 177.8 180.99 93.83 91.45 89.07000000000001 86.69 84.31 81.93000000000001 79.55 77.17 164.52 164.52 164.52 164.52 181.59 181.59 181.59 181.59 181.59 90.80000000000001 70.88000000000001 50.91 50.86 70.83 62.83 82.91 97.34
 97.38 66.42 61.74000000000001 58.62 55.5 52.38000000000001 49.26000000000001 46.14 43.02 39.9 36.78 33.66 30.54 27.42 24.3 0 24.3 27.42 30.54 33.66 36.78 39.9 43.02 46.14 49.26000000000001 52.38000000000001 55.5 58.62 61.74000000000001 64.86 67.98 71.10000000000001 74.22 84.31999999999999 80.31999999999999 76.31999999999999 72.31999999999999 68.31999999999999 64.31999999999999 60.32 56.32 52.32 48.32 37.81999999999999 34.81999999999999 31.81999999999999 28.81999999999999 25.81999999999999 22.81999999999999 19.81999999999999 20.06 23.06 26.06 29.06 42.06000000000001 45.06000000000001 48.06000000000001 51.06000000000001 54.06000000000001 57.06000000000001 60.06000000000001 63.06000000000001 66.06 69.06 81.87 84.59999999999999 87.33000000000001 90.06 92.78999999999999 95.52000000000001 98.25 100.98 103.71 106.44 109.17 97.79000000000001 100.49 103.19 105.89 108.59 111.29 113.99 116.69 119.39 122.09 124.79 127.49 130.19 132.89 135.59 138.29 140.99 143.69 146.39 149.09 151.79 154.49 157.19 159.89 162.59 165.29 167.99 170.69 173.39 176.09 178.79 181.49 45.27 28.22 26.41 106.3 103.42 100.54 97.66 94.78 91.90000000000001 89.02 86.14 154.22 157.2 160.18 163.16 166.14 169.12 172.1 175.08 178.06 181.04 131.16 127.97 124.78 121.59 118.4 115.21 117.12 120.31 123.5 126.69 129.88 133.07 136.26 139.45 142.64 145.83 149.02 152.21 155.4 158.59 161.78 164.97 168.16 171.35 174.54 177.73 180.92 184.11 96.95 94.57000000000001 92.19000000000001 89.81 87.43000000000001 85.05000000000001 82.67 80.29000000000001 167.64 167.64 167.64 167.64 178.47 178.47 178.47 178.47 178.47 93.92000000000002 74 54.03 53.98 62.72 59.71000000000001 79.79000000000001 94.22
 100.5 63.3 64.86 61.74000000000001 58.62 55.5 52.38000000000001 49.26000000000001 46.14 43.02 39.9 36.78 33.66 30.54 27.42 24.3 0 24.3 27.42 30.54 33.66 36.78 39.9 43.02 46.14 49.26000000000001 52.38000000000001 55.5 58.62 61.74000000000001 64.86 67.98 71.10000000000001 81.19999999999999 77.19999999999999 73.19999999999999 69.19999999999999 65.19999999999999 61.2 57.2 53.2 49.2 45.2 34.7 31.7 28.7 25.7 22.7 19.7 20.18 23.18 26.18 29.18 32.18 45.18 48.18 51.18 54.18 57.18 60.18 63.18 66.17999999999999 69.17999999999999 72.17999999999999 84.99000000000001 87.72 90.45000000000002 93.18000000000001 95.91 98.64000000000001 101.37 104.1 106.83 109.56 112.29 94.67000000000002 97.37000000000002 100.07 102.77 105.47 108.17 110.87 113.57 116.27 118.97 121.67 124.37 127.07 129.77 132.47 135.17 137.87 140.57 143.27 145.97 148.67 151.37 154.07 156.77 159.47 162.17 164.87 167.57 170.27 172.97 175.67 178.37 42.14999999999999 25.1 23.29 109.42 106.54 103.66 100.78 97.89999999999999 95.02 92.13999999999999 89.25999999999999 157.34 160.32 163.3 166.28 169.26 172.24 175.22 178.2 181.18 184.16 134.28 131.09 127.9 124.71 121.52 118.33 120.24 123.43 126.62 129.81 133 136.19 139.38 142.57 145.76 148.95 152.14 155.33 158.52 161.71 164.9 168.09 171.28 174.47 177.66 180.85 184.04 187.23 100.07 97.69000000000001 95.31000000000002 92.93000000000001 90.55000000000001 88.17000000000002 85.79000000000001 83.41000000000001 170.76 170.76 170.76 170.76 175.35 175.35 175.35 175.35 175.35 97.04000000000001 77.12 57.15000000000001 57.09999999999999 59.59999999999999 56.59 76.67 91.09999999999999
 103.62 60.18000000000001 67.98 64.86 61.74000000000001 58.62 55.5 52.38000000000001 49.26000000000001 46.14 43.02 39.9 36.78 33.66 30.54 27.42 24.3 0 24.3 27.42 30.54 33.66 36.78 39.9 43.02 46.14 49.26000000000001 52.38000000000001 55.5 58.62 61.74000000000001 64.86 67.98 78.07999999999998 74.07999999999998 70.07999999999998 66.07999999999998 62.07999999999999 58.07999999999999 54.07999999999999 50.07999999999999 46.07999999999999 42.07999999999999 31.57999999999999 28.57999999999999 25.57999999999999 22.57999999999999 19.57999999999999 20.3 23.3 26.3 29.3 32.3 35.3 48.3 51.3 54.3 57.3 60.3 63.3 66.3 69.3 72.3 75.3 88.11000000000001 90.84 93.57000000000002 96.30000000000001 99.03 101.76 104.49 107.22 109.95 112.68 115.41 91.55000000000001 94.25000000000001 96.95000000000002 99.65000000000001 102.35 105.05 107.75 110.45 113.15 115.85 118.55 121.25 123.95 126.65 129.35 132.05 134.75 137.45 140.15 142.85 145.55 148.25 150.95 153.65 156.35 159.05 161.75 164.45 167.15 169.85 172.55 175.25 39.02999999999999 21.98 20.16999999999999 112.54 109.66 106.78 103.9 101.02 98.14000000000001 95.26000000000001 92.38000000000001 160.46 163.44 166.42 169.4 172.38 175.36 178.34 181.32 184.3 187.28 137.4 134.21 131.02 127.83 124.64 121.45 123.36 126.55 129.74 132.93 136.12 139.31 142.5 145.69 148.88 152.07 155.26 158.45 161.64 164.83 168.02 171.21 174.4 177.59 180.78 183.97 187.16 190.35 103.19 100.81 98.43000000000002 96.05000000000001 93.67000000000002 91.29000000000002 88.91000000000001 86.53000000000002 173.88 173.88 173.88 173.88 172.23 172.23 172.23 172.23 172.23 100.16 80.24000000000001 60.27 60.22 56.48 53.47 73.55 87.97999999999999
 106.74 57.06 71.10000000000001 67.98 64.86 61.74000000000001 58.62 55.5 52.38000000000001 49.26000000000001 46.14 43.02 39.9 36.78 33.66 30.54 27.42 24.3 0 24.3 27.42 30.54 33.66 36.78 39.9 43.02 46.14 49.26000000000001 52.38000000000001 55.5 58.62 61.74000000000001 64.86 74.95999999999999 70.95999999999999 66.95999999999999 62.96 58.96 54.96 50.96 46.96 42.96 38.95999999999999 28.45999999999999 25.45999999999999 22.45999999999999 19.45999999999999 20.42 23.42 26.42 29.42 32.42 35.42 38.42 51.42000000000001 54.42000000000001 57.42000000000001 60.42000000000001 63.42000000000001 66.42 69.42 72.42 75.42 78.42 91.23 93.95999999999999 96.69000000000001 99.42 102.15 104.88 107.61 110.34 113.07 115.8 118.53 88.43000000000001 91.13000000000001 93.83000000000001 96.53 99.23 101.93 104.63 107.33 110.03 112.73 115.43 118.13 120.83 123.53 126.23 128.93 131.63 134.33 137.03 139.73 142.43 145.13 147.83 150.53 153.23 155.93 158.63 161.33 164.03 166.73 169.43 172.13 35.91 18.86 17.05 115.66 112.78 109.9 107.02 104.14 101.26 98.38 95.5 163.58 166.56 169.54 172.52 175.5 178.48 181.46 184.44 187.42 190.4 140.52 137.33 134.14 130.95 127.76 124.57 126.48 129.67 132.86 136.05 139.24 142.43 145.62 148.81 152 155.19 158.38 161.57 164.76 167.95 171.14 174.33 177.52 180.71 183.9 187.09 190.28 193.47 106.31 103.93 101.55 99.17 96.79000000000001 94.41000000000001 92.03 89.65000000000001 177 177 177 177 169.11 169.11 169.11 169.11 169.11 103.28 83.36000000000001 63.39 63.34 53.36 50.35000000000001 70.43000000000001 84.86
 109.86 53.94 74.22 71.10000000000001 67.98 64.86 61.74000000000001 58.62 55.5 52.38000000000001 49.26000000000001 46.14 43.02 39.9 36.78 33.66 30.54 27.42 24.3 0 24.3 27.42 30.54 33.66 36.78 39.9 43.02 46.14 49.26000000000001 52.38000000000001 55.5 58.62 61.74000000000001 71.83999999999999 67.83999999999999 63.84 59.84 55.84 51.84 47.84 43.84 39.84 35.84 25.34 22.34 19.34 20.54 23.54 26.54 29.54 32.54 35.54 38.54 41.54 54.54 57.54 60.54 63.54 66.53999999999999 69.53999999999999 72.53999999999999 75.53999999999999 78.53999999999999 81.53999999999999 94.34999999999999 97.07999999999998 99.81 102.54 105.27 108 110.73 113.46 116.19 118.92 121.65 85.31 88.01000000000001 90.71000000000001 93.41 96.11 98.81 101.51 104.21 106.91 109.61 112.31 115.01 117.71 120.41 123.11 125.81 128.51 131.21 133.91 136.61 139.31 142.01 144.71 147.41 150.11 152.81 155.51 158.21 160.91 163.61 166.31 169.01 32.79 15.74 13.93 118.78 115.9 113.02 110.14 107.26 104.38 101.5 98.61999999999999 166.7 169.68 172.66 175.64 178.62 181.6 184.58 187.56 190.54 193.52 143.64 140.45 137.26 134.07 130.88 127.69 129.6 132.79 135.98 139.17 142.36 145.55 148.74 151.93 155.12 158.31 161.5 164.69 167.88 171.07 174.26 177.45 180.64 183.83 187.02 190.21 193.4 196.59 109.43 107.05 104.67 102.29 99.91000000000001 97.53000000000002 95.15000000000001 92.77000000000001 180.12 180.12 180.12 180.12 165.99 165.99 165.99 165.99 165.99 106.4 86.48 66.51000000000001 66.46000000000001 50.23999999999999 47.23 67.31 81.74000000000001
 112.98 50.81999999999999 77.34 74.22 71.10000000000001 67.98 64.86 61.74000000000001 58.62 55.5 52.38000000000001 49.26000000000001 46.14 43.02 39.9 36.78 33.66 30.54 27.42 24.3 0 24.3 27.42 30.54 33.66 36.78 39.9 43.02 46.14 49.26000000000001 52.38000000000001 55.5 58.62 68.71999999999998 64.71999999999998 60.71999999999999 56.71999999999999 52.71999999999999 48.71999999999999 44.71999999999999 40.71999999999999 36.71999999999999 32.71999999999999 22.21999999999999 19.21999999999999 20.66 23.66 26.66 29.66 32.66 35.66 38.66 41.66 44.66 57.66 60.66 63.66 66.66 69.66 72.66 75.66 78.66 81.66 84.66 97.47 100.2 102.93 105.66 108.39 111.12 113.85 116.58 119.31 122.04 124.77 82.19 84.89 87.59 90.28999999999999 92.98999999999999 95.69 98.39 101.09 103.79 106.49 109.19 111.89 114.59 117.29 119.99 122.69 125.39 128.09 130.79 133.49 136.19 138.89 141.59 144.29 146.99 149.69 152.39 155.09 157.79 160.49 163.19 165.89 29.66999999999999 12.62 10.81 121.9 119.02 116.14 113.26 110.38 107.5 104.62 101.74 169.82 172.8 175.78 178.76 181.74 184.72 187.7 190.68 193.66 196.64 146.76 143.57 140.38 137.19 134 130.81 132.72 135.91 139.1 142.29 145.48 148.67 151.86 155.05 158.24 161.43 164.62 167.81 171 174.19 177.38 180.57 183.76 186.95 190.14 193.33 196.52 199.71 112.55 110.17 107.79 105.41 103.03 100.65 98.27000000000001 95.89000000000001 183.24 183.24 183.24 183.24 162.87 162.87 162.87 162.87 162.87 109.52 89.60000000000001 69.63000000000001 60.92999999999999 47.12 44.11 64.19 78.62
 116.1 47.7 80.46000000000001 77.34 74.22 71.10000000000001 67.98 64.86 61.74000000000001 58.62 55.5 52.38000000000001 49.26000000000001 46.14 43.02 39.9 36.78 33.66 30.54 27.42 24.3 0 24.3 27.42 30.54 33.66 36.78 39.9 43.02 46.14 49.26000000000001 52.38000000000001 55.5 65.59999999999999 61.6 57.6 53.6 49.6 45.6 41.6 37.59999999999999 33.59999999999999 29.59999999999999 19.09999999999999 20.78 23.78 26.78 29.78 32.78 35.78 38.78 41.78000000000001 44.78000000000001 47.78000000000001 60.78000000000001 63.78000000000001 66.78 69.78 72.78 75.78 78.78 81.78 84.78 87.78 100.59 103.32 106.05 108.78 111.51 114.24 116.97 119.7 122.43 125.16 127.89 79.07000000000001 81.77000000000001 84.47000000000001 87.17000000000002 89.87 92.57000000000001 95.27000000000001 97.97000000000001 100.67 103.37 106.07 108.77 111.47 114.17 116.87 119.57 122.27 124.97 127.67 130.37 133.07 135.77 138.47 141.17 143.87 146.57 149.27 151.97 154.67 157.37 160.07 162.77 26.55 9.5 7.689999999999997 125.02 122.14 119.26 116.38 113.5 110.62 107.74 104.86 172.94 175.92 178.9 181.88 184.86 187.84 190.82 193.8 196.78 199.76 149.88 146.69 143.5 140.31 137.12 133.93 135.84 139.03 142.22 145.41 148.6 151.79 154.98 158.17 161.36 164.55 167.74 170.93 174.12 177.31 180.5 183.69 186.88 190.07 193.26 196.45 199.64 202.83 115.67 113.29 110.91 108.53 106.15 103.77 101.39 99.01000000000001 186.36 186.36 186.36 186.36 159.75 159.75 159.75 159.75 159.75 112.64 92.72 72.75 64.05 44 40.99 61.06999999999999 75.5
 119.22 44.58 83.58000000000001 80.46000000000001 77.34 74.22 71.10000000000001 67.98 64.86 61.74000000000001 58.62 55.5 52.38000000000001 49.26000000000001 46.14 43.02 39.9 36.78 33.66 30.54 27.42 24.3 0 24.3 27.42 30.54 33.66 36.78 39.9 43.02 46.14 49.26000000000001 52.38000000000001 62.48 58.48 54.48 50.48 46.48 42.48 38.47999999999999 34.47999999999999 30.47999999999999 26.47999999999999 20.90000000000001 23.90000000000001 26.90000000000001 29.90000000000001 32.90000000000001 35.90000000000001 38.90000000000001 41.90000000000001 44.90000000000001 47.90000000000001 50.90000000000001 63.90000000000001 66.90000000000001 69.90000000000001 72.90000000000001 75.90000000000001 78.90000000000001 81.90000000000001 84.90000000000001 87.90000000000001 90.90000000000001 103.71 106.44 109.17 111.9 114.63 117.36 120.09 122.82 125.55 128.28 131.01 75.95 78.65000000000001 81.35000000000001 84.05000000000001 86.75 89.45 92.15000000000001 94.85000000000001 97.55000000000001 100.25 102.95 105.65 108.35 111.05 113.75 116.45 119.15 121.85 124.55 127.25 129.95 132.65 135.35 138.05 140.75 143.45 146.15 148.85 151.55 154.25 156.95 159.65 23.42999999999999 6.379999999999995 4.569999999999992 128.14 125.26 122.38 119.5 116.62 113.74 110.86 107.98 176.06 179.04 182.02 185 187.98 190.96 193.94 196.92 199.9 202.88 153 149.81 146.62 143.43 140.24 137.05 138.96 142.15 145.34 148.53 151.72 154.91 158.1 161.29 164.48 167.67 170.86 174.05 177.24 180.43 183.62 186.81 190 193.19 196.38 199.57 202.76 205.95 118.79 116.41 114.03 111.65 109.27 106.89 104.51 102.13 189.48 189.48 189.48 189.48 156.63 156.63 156.63 156.63 156.63 115.76 95.84 75.87 67.17 40.88 37.87 57.95 72.38
 122.34 41.46 86.7 83.58000000000001 80.46000000000001 77.34 74.22 71.10000000000001 67.98 64.86 61.74000000000001 58.62 55.5 52.38000000000001 49.26000000000001 46.14 43.02 39.9 36.78 33.66 30.54 27.42 24.3 0 24.3 27.42 30.54 33.66 36.78 39.9 43.02 46.14 49.26000000000001 59.36000000000001 55.36000000000001 51.36000000000001 47.36000000000001 43.36000000000001 39.36 35.36 31.36 27.36 23.36 24.02 27.02 30.02 33.02 36.02 39.02 42.02 45.02 48.02 51.02 54.02 67.02 70.02 73.02 76.02 79.02 82.02 85.02 88.02 91.02 94.02 106.83 109.56 112.29 115.02 117.75 120.48 123.21 125.94 128.67 131.4 134.13 72.83000000000001 75.53000000000002 78.23 80.93000000000001 83.63000000000001 86.33000000000001 89.03000000000002 91.73000000000002 94.43000000000001 97.13000000000001 99.83000000000001 102.53 105.23 107.93 110.63 113.33 116.03 118.73 121.43 124.13 126.83 129.53 132.23 134.93 137.63 140.33 143.03 145.73 148.43 151.13 153.83 156.53 84.84999999999999 65.66000000000001 63.84 131.26 128.38 125.5 122.62 119.74 116.86 113.98 111.1 179.18 182.16 185.14 188.12 191.1 194.08 197.06 200.04 203.02 206 156.12 152.93 149.74 146.55 143.36 140.17 142.08 145.27 148.46 151.65 154.84 158.03 161.22 164.41 167.6 170.79 173.98 177.17 180.36 183.55 186.74 189.93 193.12 196.31 199.5 202.69 205.88 209.07 121.91 119.53 117.15 114.77 112.39 110.01 107.63 105.25 192.6 192.6 192.6 192.6 153.51 153.51 153.51 153.51 153.51 118.88 98.96000000000001 78.99000000000001 58.97 39 101.51 121.59 69.26000000000001
