# Created by Octave 3.2.3, Sat Jul 31 20:54:37 2010 CST <albertnet@albertnet-laptop>
# name: BEGINTIME
# type: scalar
734191
# name: ENDTIME
# type: scalar
734199
